74.63
83
82.41
23
45.23
86
65
82.84
63
80
73
70.55
60.23
50
73.93
86.15
90
66.53
54
83
86.85
73.71
68
85
83.79
74.63
83
82.41
23
45.23
86
65
82.84
63
80
73
70.55
60.23
50
73.93
86.15
90
66.53
54
83
86.85
77
88
66.32
71
92.34
76.89
91
84.9
63
75.2756
73.67
82
74.48
73.73
63
64.56
46.29
57
39
74.57
95
45
46.5
63
75
86.77
72
81
69
74.25
87.34
81
71.5
73.88
45.33
70.35
86.25
70.95
46.79
79
73.51
83.7
86.27
70
87.14
63
45.71
79.2
81
86.35
80
73
70.55
60.23
50
73.93
86.15
90
66.53
54
83
86.85
73.71
68
85
83.79
77
88
66.32
71
92.34
76.89
91
84.9
63
75.27