Fall 2015 Project 8 due 11/24/15 by Alexander Foiles

  74.31  83.00  82.41  23.00  45.23  86.00  65.00
  82.84  63.00  56.00  74.67  82.00  74.00  73.73
  56.29  57.00  39.00  71.68  74.57  95.00  45.00
  64.00  44.56  75.00  86.77  72.93  63.00  56.00
  74.67  82.00  74.00  73.73  56.29  57.00  81.00
  69.00  74.25  87.34  73.88  45.33  81.00  54.20
  55.70  81.00  45.50  81.73  81.00  70.35  86.25
  70.95  63.00  71.50  46.79  79.00  73.51  83.70
  86.27  70.00  87.14  63.00  45.71  79.20  81.00
  86.35  80.00  73.00  70.55  60.23  59.00  73.93
  86.15  90.00  66.53  54.00  83.00  86.85  73.71
  68.00  85.00  83.79  77.00  88.00  66.32  71.00
  92.34  76.89  91.00  84.93  43.21  97.77  78.00
  89.13  67.92  64.46  93.39

There are   95 numbers in the array with a mean of  71.72
with a median of    73.930 and a mode of     81.00

        Sorted Values:
  97.77  95.00  93.39  92.34  91.00  90.00  89.13  88.00  87.34  87.14  86.85
  86.77  86.35  86.27  86.25  86.15  86.00  85.00  84.93  83.79  83.70  83.00
  83.00  82.84  82.41  82.00  82.00  81.73  81.00  81.00  81.00  81.00  81.00
  80.00  79.20  79.00  78.00  77.00  76.89  75.00  74.67  74.67  74.57  74.31
  74.25  74.00  74.00  73.93  73.88  73.73  73.73  73.71  73.51  73.00  72.93
  71.68  71.50  71.00  70.95  70.55  70.35  70.00  69.00  68.00  67.92  66.53
  66.32  65.00  64.46  64.00  63.00  63.00  63.00  63.00  60.23  59.00  57.00
  57.00  56.29  56.29  56.00  56.00  55.70  54.20  54.00  46.79  45.71  45.50
  45.33  45.23  45.00  44.56  43.21  39.00  23.00

End of Project 8

