Fall 2015 Project 8 due 11/24/15 by Alexander Foiles

  74.63  83.00  82.41  23.00  45.23  86.00  65.00
  82.84  63.00  80.00  73.00  70.55  60.23  50.00
  73.93  86.15  90.00  66.53  54.00  83.00  86.85
  73.71  68.00  85.00  83.79  74.63  83.00  82.41
  23.00  45.23  86.00  65.00  82.84  63.00  80.00
  73.00  70.55  60.23  50.00  73.93  86.15  90.00
  66.53  54.00  83.00  86.85  77.00  88.00  66.32
  71.00  92.34  76.89  91.00  84.90  63.00  75.28
  73.67  82.00  74.48  73.73  63.00  64.56  46.29
  57.00  39.00  74.57  95.00  45.00  46.50  63.00
  75.00  86.77  72.00  81.00  69.00  74.25  87.34
  81.00  71.50  73.88  45.33  70.35  86.25  70.95
  46.79  79.00  73.51  83.70  86.27  70.00  87.14
  63.00  45.71  79.20  81.00  86.35  80.00  73.00
  70.55  60.23

There are  100 numbers in the array with a mean of  71.63
with a median of    73.905 and a mode of     63.00

        Sorted Values:
  95.00  92.34  91.00  90.00  90.00  88.00  87.34  87.14  86.85  86.85  86.77
  86.35  86.27  86.25  86.15  86.15  86.00  86.00  85.00  84.90  83.79  83.70
  83.00  83.00  83.00  83.00  82.84  82.84  82.41  82.41  82.00  81.00  81.00
  81.00  80.00  80.00  80.00  79.20  79.00  77.00  76.89  75.28  75.00  74.63
  74.63  74.57  74.48  74.25  73.93  73.93  73.88  73.73  73.71  73.67  73.51
  73.00  73.00  73.00  72.00  71.50  71.00  70.95  70.55  70.55  70.55  70.35
  70.00  69.00  68.00  66.53  66.53  66.32  65.00  65.00  64.56  63.00  63.00
  63.00  63.00  63.00  63.00  60.23  60.23  60.23  57.00  54.00  54.00  50.00
  50.00  46.79  46.50  46.29  45.71  45.33  45.23  45.23  45.00  39.00  23.00
  23.00

End of Project 8

